[CALIBRATION]
fx=481.2
fy=-480.0
cx=319.5
cy=239.5
