;[CALIBRATION]
;fx=540.68
;fy=541.78
;cx=314.83
;cy=232.73

[CALIBRATION]
fx=541.0
fy=541.0
cx=319.5
cy=239.5
