[CALIBRATION]
fx=535.4
fy=539.2
cx=320.1
cy=247.6
