[CALIBRATION]
fx=525.0
fy=525.0
cx=319.5
cy=239.5
factor_depth=0.96
