[RGB_CALIBRATION]
fx=538.60293  
fy=534.30083
cx=313.02560
cy=230.23339
kd=-0.01630   0.0   0.0   0.0  0.0


[DEPTH_CALIBRATION]
custom_registration=1
fx=572.02794
fy=567.29006
cx=315.76083
cy=232.71632
kd=-0.02711   0.0   0.0   0.0  0.0
c1 = 1.00
c0 = 0.0
alpha0 = 1
alpha1 = 0.0
alpha2 = 0.0
spdist =   0.0  0.0   0.0 0.0   0.0    0.0   0.0   0.0

[STEREO_DEPTH2RGB]
dRc=
0.9999    0.0143    0.0060   
-0.0143    0.9999   -0.0018   
-0.0060    0.0017    1.0000 
t_dc=0.0263595 -0.0000973  0.0002853

 
