[RGB_CALIBRATION]
fx=538.60293  
fy=534.30083
cx=313.02560
cy=230.23339
kd=-0.01630   0.0   0.0   0.0  0.0


[DEPTH_CALIBRATION]
custom_registration=1
fx=572.02794
fy=567.29006
cx=315.76083
cy=232.71632
kd=-0.02711   0.0   0.0   0.0  0.0
c1 = 0.98954
c0 = -1.2618e-03
q0 =  7.0023e-03   1.0844e-02  -6.0580e-01   1.2602e+00  -2.3050e-03   1.6084e-02   2.1441e-02  -1.8073e-02  -3.6722e-02
q1 =  -6.7052e-03  -1.9692e-03   5.5808e-01  -1.2327e+00   1.2714e-02  -2.0804e-02  -7.5163e-03   3.1985e-02   4.8632e-02


[STEREO_DEPTH2RGB]
dRc=
0.9999    0.0143    0.0060   
-0.0143    0.9999   -0.0018   
-0.0060    0.0017    1.0000 
t_dc=0.0263595 -0.0000973  0.0002853

 
